0 0.0357566
0.1 0.0496231
0.2 0.0610028
0.3 0.0977088
0.4 0.138979
0.5 0.136318
0.6 0.141037
0.7 0.13602
0.8 0.138606
0.9 0.133392
1 0.137804
1.1 0.139959
1.2 0.137672
1.3 0.129173
1.4 0.135285
1.5 0.158994
1.6 0.172785
1.7 0.177373
1.8 0.167283
1.9 0.162043
2 0.162404
2.1 0.163499
2.2 0.164037
2.3 0.167498
2.4 0.176403
2.5 0.176541
2.6 0.179784
2.7 0.186686
2.8 0.182026
2.9 0.17075
3 0.176371
3.1 0.185499
3.2 0.193592
3.3 0.194789
3.4 0.19453
3.5 0.203441
3.6 0.214762
3.7 0.222509
3.8 0.233637
3.9 0.255109
4 0.268759
4.1 0.291095
4.2 0.310435
4.3 0.319954
4.4 0.345612
4.5 0.362161
4.6 0.379258
4.7 0.386344
4.8 0.38853
4.9 0.391172
5 0.391783
5.1 0.397475
5.2 0.405965
5.3 0.408597
5.4 0.41141
5.5 0.413322
5.6 0.413458
5.7 0.409024
5.8 0.410398
5.9 0.393624
6 0.394181
6.1 0.38495
6.2 0.367199
6.3 0.357591
6.4 0.35823
6.5 0.361
6.6 0.367412
6.7 0.375304
6.8 0.379514
6.9 0.381584
7 0.386566
7.1 0.394837
7.2 0.407296
7.3 0.409328
7.4 0.410693
7.5 0.419879
7.6 0.441123
7.7 0.449532
7.8 0.450769
7.9 0.446877
8 0.442989
8.1 0.439528
8.2 0.438552
8.3 0.44162
8.4 0.447458
8.5 0.449988
8.6 0.455942
8.7 0.452557
8.8 0.452414
8.9 0.451252
9 0.454029
9.1 0.457596
9.2 0.464499
9.3 0.468511
9.4 0.463914
9.5 0.47535
9.6 0.492516
9.7 0.522065
9.8 0.552996
9.9 0.579029
10 0.607352
10.1 0.628339
10.2 0.645676
10.3 0.659675
10.4 0.662337
10.5 0.656322
10.6 0.655525
10.7 0.658727
10.8 0.659301
10.9 0.654123
11 0.656023
11.1 0.657149
11.2 0.656016
11.3 0.660129
11.4 0.659631
11.5 0.658695
11.6 0.663666
11.7 0.659215
11.8 0.663425
11.9 0.660475
12 0.657938
12.1 0.654279
12.2 0.667941
12.3 0.670438
12.4 0.677729
12.5 0.686867
12.6 0.710037
12.7 0.727682
12.8 0.741078
12.9 0.749421
13 0.757426
13.1 0.759846
13.2 0.75779
13.3 0.761136
13.4 0.768352
13.5 0.77502
13.6 0.784771
13.7 0.796043
13.8 0.810483
13.9 0.816169
14 0.821379
14.1 0.820132
14.2 0.824677
14.3 0.825166
14.4 0.827269
14.5 0.827424
14.6 0.834768
14.7 0.831315
14.8 0.829661
14.9 0.823853
15 0.827061
15.1 0.830754
15.2 0.82802
15.3 0.833483
15.4 0.839514
15.5 0.838065
15.6 0.844319
15.7 0.847676
15.8 0.848846
15.9 0.851348
16 0.855115
16.1 0.861014
16.2 0.866084
16.3 0.868522
16.4 0.869643
16.5 0.872299
16.6 0.867963
16.7 0.870078
16.8 0.869739
16.9 0.867842
17 0.866645
17.1 0.869928
17.2 0.870763
17.3 0.869421
17.4 0.865573
17.5 0.864619
17.6 0.859462
17.7 0.859538
17.8 0.865198
17.9 0.868836
18 0.873671
18.1 0.878483
18.2 0.877147
18.3 0.877581
18.4 0.879804
18.5 0.881606
18.6 0.890057
18.7 0.89701
18.8 0.897695
18.9 0.898566
19 0.902296
19.1 0.899484
19.2 0.902944
19.3 0.903896
19.4 0.904474
19.5 0.904704
19.6 0.909295
19.7 0.909442
19.8 0.916197
19.9 0.918806
20 0.91892
20.1 0.919815
20.2 0.920218
20.3 0.92403
20.4 0.927358
20.5 0.934164
20.6 0.938204
20.7 0.940085
20.8 0.941638
20.9 0.94693
21 0.948684
21.1 0.952784
21.2 0.956746
21.3 0.957778
21.4 0.956837
21.5 0.958252
21.6 0.957378
21.7 0.958633
21.8 0.96098
21.9 0.96321
22 0.962218
22.1 0.963591
22.2 0.964121
22.3 0.96617
22.4 0.965643
22.5 0.966268
22.6 0.967537
22.7 0.968047
22.8 0.967316
22.9 0.966921
23 0.965486
23.1 0.962626
23.2 0.962374
23.3 0.965324
23.4 0.966664
23.5 0.966285
23.6 0.965569
23.7 0.967171
23.8 0.967178
23.9 0.965035
24 0.966657
24.1 0.967764
24.2 0.969305
24.3 0.966976
24.4 0.965214
24.5 0.965006
24.6 0.966041
24.7 0.964599
24.8 0.96969
24.9 0.97033
25 0.970255
25.1 0.968135
25.2 0.967652
25.3 0.968224
25.4 0.967249
25.5 0.968464
25.6 0.968604
25.7 0.96695
25.8 0.967792
25.9 0.969805
26 0.968311
26.1 0.969846
26.2 0.970846
26.3 0.970425
26.4 0.970275
26.5 0.971461
26.6 0.973136
26.7 0.972524
26.8 0.970694
26.9 0.970548
27 0.970308
27.1 0.971211
27.2 0.970661
27.3 0.971235
27.4 0.970262
27.5 0.969352
27.6 0.97122
27.7 0.973178
27.8 0.974492
27.9 0.974818
28 0.973833
28.1 0.973296
28.2 0.972868
28.3 0.972931
28.4 0.972322
28.5 0.972802
28.6 0.973497
28.7 0.970918
28.8 0.969961
28.9 0.969528
29 0.969273
29.1 0.969319
29.2 0.968002
29.3 0.969853
29.4 0.971238
29.5 0.970713
29.6 0.97056
29.7 0.968706
29.8 0.966855
29.9 0.966783
30 0.967716
30.1 0.966329
30.2 0.965514
30.3 0.965751
30.4 0.963661
30.5 0.965038
30.6 0.964485
30.7 0.96252
30.8 0.964608
30.9 0.965855
31 0.963931
31.1 0.964768
31.2 0.963946
31.3 0.96313
31.4 0.961736
31.5 0.962857
31.6 0.962399
31.7 0.963083
31.8 0.964912
31.9 0.965867
32 0.966631
32.1 0.968539
32.2 0.970896
32.3 0.972797
32.4 0.973828
32.5 0.975674
32.6 0.97827
32.7 0.978315
32.8 0.979458
32.9 0.980751
33 0.979975
33.1 0.98288
33.2 0.983998
33.3 0.984544
33.4 0.983565
33.5 0.98248
33.6 0.984087
33.7 0.98455
33.8 0.985783
33.9 0.985561
34 0.985105
34.1 0.986296
34.2 0.98684
34.3 0.987125
34.4 0.986311
34.5 0.985703
34.6 0.985565
34.7 0.985712
34.8 0.986995
34.9 0.986955
35 0.986982
35.1 0.988191
35.2 0.98864
35.3 0.988518
35.4 0.988338
35.5 0.988165
35.6 0.988795
35.7 0.987671
35.8 0.987963
35.9 0.988299
36 0.987176
36.1 0.986521
36.2 0.985805
36.3 0.985431
36.4 0.984338
36.5 0.982402
36.6 0.984023
36.7 0.98349
36.8 0.982419
36.9 0.981439
37 0.981795
37.1 0.981473
37.2 0.982349
37.3 0.982185
37.4 0.984051
37.5 0.984342
37.6 0.983766
37.7 0.989981
37.8 0.988161
37.9 0.987715
38 0.989143
38.1 0.990042
38.2 0.992135
38.3 0.992891
38.4 0.993078
38.5 0.992747
38.6 0.993585
38.7 0.993324
38.8 0.992047
38.9 0.992551
39 0.992633
39.1 0.99319
39.2 0.994
39.3 0.994621
39.4 0.994413
39.5 0.994049
39.6 0.994095
39.7 0.994501
39.8 0.993933
39.9 0.99463
40 0.994085
40.1 0.993353
40.2 0.992377
40.3 0.992442
40.4 0.991981
40.5 0.992216
40.6 0.99071
40.7 0.990873
40.8 0.992251
40.9 0.991907
41 0.99195
41.1 0.992046
41.2 0.991924
41.3 0.992202
41.4 0.991573
41.5 0.992154
41.6 0.992202
41.7 0.991826
41.8 0.992716
41.9 0.992604
42 0.991289
42.1 0.990744
42.2 0.989653
42.3 0.989108
42.4 0.990151
42.5 0.991028
42.6 0.990181
42.7 0.989389
42.8 0.989001
42.9 0.989316
43 0.989471
43.1 0.990381
43.2 0.989927
43.3 0.989725
43.4 0.989897
43.5 0.989358
43.6 0.988961
43.7 0.988704
43.8 0.987756
43.9 0.98865
44 0.987594
44.1 0.987486
44.2 0.986114
44.3 0.983941
44.4 0.983495
44.5 0.984939
44.6 0.985943
44.7 0.985913
44.8 0.986654
44.9 0.98628
45 0.986397
45.1 0.987654
45.2 0.989358
45.3 0.988599
45.4 0.989917
45.5 0.990248
45.6 0.989498
45.7 0.990275
45.8 0.989615
45.9 0.990593
46 0.99057
46.1 0.990539
46.2 0.989697
46.3 0.989617
46.4 0.989472
46.5 0.990431
46.6 0.990485
46.7 0.989292
46.8 0.988535
46.9 0.988296
47 0.986868
47.1 0.987161
47.2 0.986809
47.3 0.98658
47.4 0.986085
47.5 0.985206
47.6 0.983736
47.7 0.983871
47.8 0.983992
47.9 0.982835
48 0.981764
48.1 0.980705
48.2 0.981844
48.3 0.981833
48.4 0.981063
48.5 0.982247
48.6 0.986633
48.7 0.989987
48.8 0.989875
48.9 0.989572
49 0.989989
49.1 0.98925
49.2 0.988773
49.3 0.989558
49.4 0.989741
49.5 0.989589
49.6 0.988575
49.7 0.988328
49.8 0.986782
49.9 0.986964
50 0.985352
50.1 0.986216
50.2 0.98555
50.3 0.985946
50.4 0.985862
50.5 0.984623
50.6 0.98505
50.7 0.985503
50.8 0.98585
50.9 0.986312
51 0.986414
51.1 0.985482
51.2 0.986995
51.3 0.986339
51.4 0.986142
51.5 0.985642
51.6 0.986502
51.7 0.985739
51.8 0.984723
51.9 0.986523
52 0.986599
52.1 0.987178
52.2 0.986151
52.3 0.986548
52.4 0.986048
52.5 0.987387
52.6 0.987436
52.7 0.986623
52.8 0.986368
52.9 0.985629
53 0.984675
53.1 0.984534
53.2 0.983951
53.3 0.983991
53.4 0.984364
53.5 0.98282
53.6 0.982973
53.7 0.981356
53.8 0.97945
53.9 0.980955
54 0.980202
54.1 0.980987
54.2 0.981583
54.3 0.98203
54.4 0.982149
54.5 0.983632
54.6 0.98317
54.7 0.98329
54.8 0.983102
54.9 0.982655
55 0.982199
55.1 0.984612
55.2 0.984153
55.3 0.984744
55.4 0.984472
55.5 0.985051
55.6 0.984696
55.7 0.98524
55.8 0.984139
55.9 0.984083
56 0.984252
56.1 0.984983
56.2 0.9844
56.3 0.984905
56.4 0.985002
56.5 0.98529
56.6 0.985584
56.7 0.984725
56.8 0.984659
56.9 0.986465
57 0.98678
57.1 0.988146
57.2 0.987428
57.3 0.987498
57.4 0.988131
57.5 0.988203
57.6 0.989573
57.7 0.990276
57.8 0.990333
57.9 0.990608
58 0.990811
58.1 0.991646
58.2 0.991876
58.3 0.991984
58.4 0.991562
58.5 0.991129
58.6 0.991915
58.7 0.990869
58.8 0.989831
58.9 0.989069
59 0.987914
59.1 0.986932
59.2 0.987615
59.3 0.987394
59.4 0.988419
59.5 0.98655
59.6 0.986924
59.7 0.987108
59.8 0.985454
59.9 0.985958
60 0.987431
60.1 0.988093
60.2 0.98742
60.3 0.987446
60.4 0.98865
60.5 0.988357
60.6 0.987697
60.7 0.986384
60.8 0.986755
60.9 0.987263
61 0.988435
61.1 0.987617
61.2 0.988143
61.3 0.988826
61.4 0.987444
61.5 0.987733
61.6 0.987302
61.7 0.987527
61.8 0.987568
61.9 0.987898
62 0.987984
62.1 0.987057
62.2 0.986545
62.3 0.987114
62.4 0.985828
62.5 0.986871
62.6 0.986751
62.7 0.986273
62.8 0.986025
62.9 0.986209
63 0.986268
63.1 0.986554
63.2 0.986231
63.3 0.986503
63.4 0.988473
63.5 0.989127
63.6 0.988266
63.7 0.987622
63.8 0.987778
63.9 0.986853
64 0.987385
64.1 0.987968
64.2 0.987681
64.3 0.987199
64.4 0.986306
64.5 0.985241
64.6 0.984992
64.7 0.985339
64.8 0.986264
64.9 0.986921
65 0.986663
65.1 0.987726
65.2 0.987049
65.3 0.987542
65.4 0.986983
65.5 0.988334
65.6 0.988394
65.7 0.987652
65.8 0.986785
65.9 0.986285
66 0.98625
66.1 0.985538
66.2 0.985947
66.3 0.985237
66.4 0.983451
66.5 0.983842
66.6 0.984059
66.7 0.982115
66.8 0.98204
66.9 0.981774
67 0.983012
67.1 0.982302
67.2 0.981534
67.3 0.979887
67.4 0.978668
67.5 0.979405
67.6 0.9808
67.7 0.980015
67.8 0.979476
67.9 0.97954
68 0.98083
68.1 0.982763
68.2 0.982985
68.3 0.981432
68.4 0.9822
68.5 0.982401
68.6 0.981677
68.7 0.982363
68.8 0.982122
68.9 0.982486
69 0.980752
69.1 0.980577
69.2 0.98109
69.3 0.982234
69.4 0.983548
69.5 0.984698
69.6 0.983494
69.7 0.983463
69.8 0.984483
69.9 0.985258
70 0.986551
70.1 0.987261
70.2 0.989022
70.3 0.988292
70.4 0.988902
70.5 0.98781
70.6 0.987808
70.7 0.988336
70.8 0.987976
70.9 0.987983
71 0.987486
71.1 0.987445
71.2 0.987845
71.3 0.988349
71.4 0.988934
71.5 0.98958
71.6 0.989868
71.7 0.989797
71.8 0.989371
71.9 0.988655
72 0.989154
72.1 0.988979
72.2 0.987424
72.3 0.987723
72.4 0.987665
72.5 0.988583
72.6 0.989621
72.7 0.989251
72.8 0.98918
72.9 0.990041
73 0.990733
73.1 0.990746
73.2 0.989157
73.3 0.989562
73.4 0.989367
73.5 0.989086
73.6 0.987274
73.7 0.986367
73.8 0.986809
73.9 0.986024
74 0.98691
74.1 0.98657
74.2 0.986063
74.3 0.987091
74.4 0.986773
74.5 0.985851
74.6 0.986647
74.7 0.98595
74.8 0.985808
74.9 0.984812
75 0.984815
75.1 0.985344
75.2 0.986804
75.3 0.986067
75.4 0.985934
75.5 0.985152
75.6 0.983746
75.7 0.983832
75.8 0.983732
75.9 0.984495
76 0.984852
76.1 0.983679
76.2 0.983349
76.3 0.982
76.4 0.981792
76.5 0.982587
76.6 0.981826
76.7 0.983172
76.8 0.982757
76.9 0.982506
77 0.982371
77.1 0.9814
77.2 0.981996
77.3 0.981595
77.4 0.979583
77.5 0.979085
77.6 0.979584
77.7 0.977956
77.8 0.98028
77.9 0.98184
78 0.984123
78.1 0.984538
78.2 0.984222
78.3 0.98594
78.4 0.987013
78.5 0.987771
78.6 0.987129
78.7 0.988275
78.8 0.989866
78.9 0.990721
79 0.991326
79.1 0.993027
79.2 0.993332
79.3 0.992909
79.4 0.992876
79.5 0.993229
79.6 0.993998
79.7 0.994137
79.8 0.994654
79.9 0.993793
80 0.994
80.1 0.994682
80.2 0.994386
80.3 0.994531
80.4 0.994299
80.5 0.994275
80.6 0.995347
80.7 0.994818
80.8 0.994733
80.9 0.994459
81 0.994603
81.1 0.994763
81.2 0.993736
81.3 0.99338
81.4 0.992814
81.5 0.994256
81.6 0.994718
81.7 0.995114
81.8 0.995125
81.9 0.994726
82 0.994274
82.1 0.994769
82.2 0.99434
82.3 0.994136
82.4 0.994615
82.5 0.994839
82.6 0.99497
82.7 0.99466
82.8 0.994447
82.9 0.994487
83 0.994303
83.1 0.994987
83.2 0.995035
83.3 0.995818
83.4 0.995152
83.5 0.994618
83.6 0.995343
83.7 0.995346
83.8 0.995098
83.9 0.994854
84 0.994647
84.1 0.995203
84.2 0.99476
84.3 0.994428
84.4 0.994285
84.5 0.995674
84.6 0.995474
84.7 0.995175
84.8 0.995832
84.9 0.995154
85 0.994698
85.1 0.994942
85.2 0.994625
85.3 0.993924
85.4 0.995034
85.5 0.994797
85.6 0.995161
85.7 0.994823
85.8 0.9946
85.9 0.994147
86 0.994092
86.1 0.994088
86.2 0.993573
86.3 0.992554
86.4 0.99248
86.5 0.992836
86.6 0.992522
86.7 0.992201
86.8 0.992091
86.9 0.992249
87 0.992577
87.1 0.991356
87.2 0.991511
87.3 0.991434
87.4 0.991421
87.5 0.99105
87.6 0.992032
87.7 0.991908
87.8 0.991377
87.9 0.990453
88 0.990448
88.1 0.989681
88.2 0.990348
88.3 0.99068
88.4 0.991743
88.5 0.991111
88.6 0.990992
88.7 0.990162
88.8 0.989003
88.9 0.990292
89 0.988701
89.1 0.988254
89.2 0.987724
89.3 0.987222
89.4 0.987466
89.5 0.988632
89.6 0.988843
89.7 0.988085
89.8 0.987441
89.9 0.98576
90 0.985928
90.1 0.987655
90.2 0.988475
90.3 0.988053
90.4 0.988585
90.5 0.989516
90.6 0.988672
90.7 0.989305
90.8 0.989127
90.9 0.988159
91 0.98804
91.1 0.988201
91.2 0.986666
91.3 0.987213
91.4 0.986747
91.5 0.987597
91.6 0.987605
91.7 0.988452
91.8 0.98728
91.9 0.988684
92 0.988813
92.1 0.988964
92.2 0.987875
92.3 0.988904
92.4 0.987698
92.5 0.98684
92.6 0.98726
92.7 0.987436
92.8 0.989269
92.9 0.989038
93 0.988278
93.1 0.987896
93.2 0.987283
93.3 0.989548
93.4 0.99019
93.5 0.990088
93.6 0.98982
93.7 0.989964
93.8 0.990804
93.9 0.990415
94 0.989188
94.1 0.988928
94.2 0.988359
94.3 0.987423
94.4 0.988461
94.5 0.988108
94.6 0.988233
94.7 0.987721
94.8 0.98883
94.9 0.988325
95 0.98841
95.1 0.989125
95.2 0.9883
95.3 0.988735
95.4 0.989188
95.5 0.988895
95.6 0.98689
95.7 0.988342
95.8 0.987329
95.9 0.987759
96 0.989233
96.1 0.98966
96.2 0.988494
96.3 0.988689
96.4 0.989332
96.5 0.988411
96.6 0.988534
96.7 0.990071
96.8 0.990399
96.9 0.990273
97 0.989612
97.1 0.989756
97.2 0.990076
97.3 0.99046
97.4 0.990546
97.5 0.990257
97.6 0.989373
97.7 0.9893
97.8 0.988976
97.9 0.990281
98 0.990152
98.1 0.990283
98.2 0.989655
98.3 0.989097
98.4 0.988128
98.5 0.987522
98.6 0.987988
98.7 0.988211
98.8 0.989297
98.9 0.989232
99 0.989468
99.1 0.988992
99.2 0.988976
99.3 0.989418
99.4 0.98996
99.5 0.988123
99.6 0.988804
99.7 0.988925
99.8 0.988069
99.9 0.988365
100 0.9869
